200
0 0
1 1
2 4
3 9
4 16
5 25
6 36
7 49
8 64
9 81
10 100
11 121
12 144
13 169
14 196
15 225
16 256
17 289
18 324
19 361
20 400
21 441
22 484
23 529
24 576
25 625
26 676
27 729
28 784
29 841
30 900
31 961
32 1024
33 1089
34 1156
35 1225
36 1296
37 1369
38 1444
39 1521
40 1600
41 1681
42 1764
43 1849
44 1936
45 2025
46 2116
47 2209
48 2304
49 2401
50 2500
51 2601
52 2704
53 2809
54 2916
55 3025
56 3136
57 3249
58 3364
59 3481
60 3600
61 3721
62 3844
63 3969
64 4096
65 4225
66 4356
67 4489
68 4624
69 4761
70 4900
71 5041
72 5184
73 5329
74 5476
75 5625
76 5776
77 5929
78 6084
79 6241
80 6400
81 6561
82 6724
83 6889
84 7056
85 7225
86 7396
87 7569
88 7744
89 7921
90 8100
91 8281
92 8464
93 8649
94 8836
95 9025
96 9216
97 9409
98 9604
99 9801
100 10
101 10.0499
102 10.0995
103 10.1489
104 10.198
105 10.247
106 10.2956
107 10.3441
108 10.3923
109 10.4403
110 10.4881
111 10.5357
112 10.583
113 10.6301
114 10.6771
115 10.7238
116 10.7703
117 10.8167
118 10.8628
119 10.9087
120 10.9545
121 11
122 11.0454
123 11.0905
124 11.1355
125 11.1803
126 11.225
127 11.2694
128 11.3137
129 11.3578
130 11.4018
131 11.4455
132 11.4891
133 11.5326
134 11.5758
135 11.619
136 11.6619
137 11.7047
138 11.7473
139 11.7898
140 11.8322
141 11.8743
142 11.9164
143 11.9583
144 12
145 12.0416
146 12.083
147 12.1244
148 12.1655
149 12.2066
150 12.2474
151 12.2882
152 12.3288
153 12.3693
154 12.4097
155 12.4499
156 12.49
157 12.53
158 12.5698
159 12.6095
160 12.6491
161 12.6886
162 12.7279
163 12.7671
164 12.8062
165 12.8452
166 12.8841
167 12.9228
168 12.9615
169 13
170 13.0384
171 13.0767
172 13.1149
173 13.1529
174 13.1909
175 13.2288
176 13.2665
177 13.3041
178 13.3417
179 13.3791
180 13.4164
181 13.4536
182 13.4907
183 13.5277
184 13.5647
185 13.6015
186 13.6382
187 13.6748
188 13.7113
189 13.7477
190 13.784
191 13.8203
192 13.8564
193 13.8924
194 13.9284
195 13.9642
196 14
197 14.0357
198 14.0712
199 14.1067
200